source	original_symbol	outcome	hgnc_id	approved_symbol	match_type	snapshot	carried_forward	note
reactome	16S rRNA	unmapped	-	-	-	current	-	no match in snapshot current
reactome	18S rRNA	unmapped	-	-	-	current	-	no match in snapshot current
reactome	18S rRNA, 5.8S rRNA, 28S rRNA	unmapped	-	-	-	current	-	no match in snapshot current
reactome	1B	unmapped	-	-	-	current	-	no match in snapshot current
reactome	1C	unmapped	-	-	-	current	-	no match in snapshot current
reactome	1a	unmapped	-	-	-	current	-	no match in snapshot current
reactome	28S rRNA	unmapped	-	-	-	current	-	no match in snapshot current
reactome	3a	unmapped	-	-	-	current	-	no match in snapshot current
reactome	3b	unmapped	-	-	-	current	-	no match in snapshot current
reactome	45S pre-rRNA gene	unmapped	-	-	-	current	-	no match in snapshot current
reactome	5.8S rRNA	unmapped	-	-	-	current	-	no match in snapshot current
reactome	5S rRNA	unmapped	-	-	-	current	-	no match in snapshot current
reactome	6	unmapped	-	-	-	current	-	no match in snapshot current
reactome	7SL RNA (ENSG00000222619)	unmapped	-	-	-	current	-	no match in snapshot current
reactome	7SL RNA (ENSG00000222639)	unmapped	-	-	-	current	-	no match in snapshot current
reactome	7a	unmapped	-	-	-	current	-	no match in snapshot current
reactome	8	unmapped	-	-	-	current	-	no match in snapshot current
reactome	8b	unmapped	-	-	-	current	-	no match in snapshot current
reactome	9b	unmapped	-	-	-	current	-	no match in snapshot current
reactome	AAC(6')-Ib	unmapped	-	-	-	current	-	no match in snapshot current
reactome	ACOT7L	unmapped	-	-	-	current	-	no match in snapshot current
reactome	BLNC1	alias	HGNC:30131	PAQR9	alias	current	no	-
reactome	C2orf49	previous	HGNC:28772	TSLIG2	previous	current	no	-
reactome	CLUAP1	previous	HGNC:19009	IFT38	previous	current	no	-
reactome	CVC1	unmapped	-	-	-	current	-	no match in snapshot current
reactome	CVC2	unmapped	-	-	-	current	-	no match in snapshot current
reactome	DDX58	previous	HGNC:19102	RIGI	previous	current	no	-
reactome	DEANR1	alias	HGNC:16189	LINC00261	alias	current	no	-
reactome	DENCMEMSB	unmapped	-	-	-	current	-	no match in snapshot current
reactome	E	unmapped	-	-	-	current	-	no match in snapshot current
reactome	E1	ambiguous	-	-	-	current	-	ambiguous at the alias tier of snapshot current; candidates: HGNC:983|BCHE; HGNC:10115|SNORA73A; HGNC:24599|ENOPH1
reactome	F	unmapped	-	-	-	current	-	no match in snapshot current
reactome	FAM83A	previous	HGNC:28210	SACK1A	previous	current	no	-
reactome	FAM83B	previous	HGNC:21357	SACK1B	previous	current	no	-
reactome	FAM83D	previous	HGNC:16122	SACK1D	previous	current	no	-
reactome	FAM98B	previous	HGNC:26773	TSLIG3B	previous	current	no	-
reactome	FCGR1B	previous	HGNC:3614	FCGR1BP	previous	current	no	-
reactome	FGFR2b	unmapped	-	-	-	current	-	no match in snapshot current
reactome	FGFR2c	unmapped	-	-	-	current	-	no match in snapshot current
reactome	G	unmapped	-	-	-	current	-	no match in snapshot current
reactome	Genome polyprotein	unmapped	-	-	-	current	-	no match in snapshot current
reactome	HA	unmapped	-	-	-	current	-	no match in snapshot current
reactome	HA-33	unmapped	-	-	-	current	-	no match in snapshot current
reactome	HELI	unmapped	-	-	-	current	-	no match in snapshot current
reactome	HN	alias	HGNC:7471	MT-RNR2	alias	current	no	-
reactome	HSBP2	unmapped	-	-	-	current	-	no match in snapshot current
reactome	HSP70	unmapped	-	-	-	current	-	no match in snapshot current
reactome	Hh5 strain Merlin complete genome	unmapped	-	-	-	current	-	no match in snapshot current
reactome	Human respiratory syncytial virus A	unmapped	-	-	-	current	-	no match in snapshot current
reactome	Human respiratory syncytial virus A2, complete genome	unmapped	-	-	-	current	-	no match in snapshot current
reactome	IGHV	withdrawn	-	-	-	current	-	HGNC:5545 (IGHV@) withdrawn with no replacement
reactome	IGLV	unmapped	-	-	-	current	-	no match in snapshot current
reactome	IL8	previous	HGNC:6025	CXCL8	previous	current	no	-
reactome	KPC-2	unmapped	-	-	-	current	-	no match in snapshot current
reactome	L	unmapped	-	-	-	current	-	no match in snapshot current
reactome	LPG1G2	unmapped	-	-	-	current	-	no match in snapshot current
reactome	M	unmapped	-	-	-	current	-	no match in snapshot current
reactome	M2-1	unmapped	-	-	-	current	-	no match in snapshot current
reactome	M2-2	unmapped	-	-	-	current	-	no match in snapshot current
reactome	MC159L	unmapped	-	-	-	current	-	no match in snapshot current
reactome	MCP	previous	HGNC:6953	CD46	previous	current	no	-
reactome	MIR378	previous	HGNC:31871	MIR378A	previous	current	no	-
reactome	MIR92b	unmapped	-	-	-	current	-	no match in snapshot current
reactome	MMTAG2	alias	HGNC:19032	C1orf35	alias	current	no	-
reactome	MT2748	unmapped	-	-	-	current	-	no match in snapshot current
reactome	N	unmapped	-	-	-	current	-	no match in snapshot current
reactome	NA	previous	HGNC:12811	XK	previous	current	no	-
reactome	NAT8L	previous	HGNC:26742	ASPNAT	previous	current	no	-
reactome	NCL	previous	HGNC:7667	NUCLEOLIN	previous	current	no	-
reactome	NEC1	previous	HGNC:8743	PCSK1	previous	current	no	-
reactome	NEC2	previous	HGNC:8744	PCSK2	previous	current	no	-
reactome	NP	previous	HGNC:7892	PNP	previous	current	no	-
reactome	NS	ambiguous	-	-	-	current	-	ambiguous at the alias tier of snapshot current; candidates: HGNC:15464|SPINK5; HGNC:29931|GNL3
reactome	NS5B	unmapped	-	-	-	current	-	no match in snapshot current
reactome	OPG035	unmapped	-	-	-	current	-	no match in snapshot current
reactome	OPG199	unmapped	-	-	-	current	-	no match in snapshot current
reactome	OR1F12	previous	HGNC:13964	OR1F12P	previous	current	no	-
reactome	OR2W5P	previous	HGNC:15424	OR2W5	previous	current	no	-
reactome	OR52Z1P	previous	HGNC:19596	OR52Z1	previous	current	no	-
reactome	ORF71	unmapped	-	-	-	current	-	no match in snapshot current
reactome	P	previous	HGNC:8101	OCA2	previous	current	no	-
reactome	PA	previous	HGNC:8549	BLOC1S6	previous	current	no	-
reactome	PB1	alias	HGNC:30064	PBRM1	alias	current	no	-
reactome	PB2	unmapped	-	-	-	current	-	no match in snapshot current
reactome	PPE2	unmapped	-	-	-	current	-	no match in snapshot current
reactome	RIR1	unmapped	-	-	-	current	-	no match in snapshot current
reactome	RL1	unmapped	-	-	-	current	-	no match in snapshot current
reactome	RL10	unmapped	-	-	-	current	-	no match in snapshot current
reactome	RL11	unmapped	-	-	-	current	-	no match in snapshot current
reactome	RL8A	unmapped	-	-	-	current	-	no match in snapshot current
reactome	RL9A	unmapped	-	-	-	current	-	no match in snapshot current
reactome	RNA4.9	unmapped	-	-	-	current	-	no match in snapshot current
reactome	ROBO3.1	unmapped	-	-	-	current	-	no match in snapshot current
reactome	RSC1A1	previous	HGNC:24578	DDI2	previous	current	no	-
reactome	Rv1410c	unmapped	-	-	-	current	-	no match in snapshot current
reactome	Rv2895c	unmapped	-	-	-	current	-	no match in snapshot current
reactome	Rv3364c	unmapped	-	-	-	current	-	no match in snapshot current
reactome	Rv3654c	unmapped	-	-	-	current	-	no match in snapshot current
reactome	Rv3655c	unmapped	-	-	-	current	-	no match in snapshot current
reactome	S	unmapped	-	-	-	current	-	no match in snapshot current
reactome	SARS coronavirus, complete genome	unmapped	-	-	-	current	-	no match in snapshot current
reactome	SCP	alias	HGNC:30657	SLC50A1	alias	current	no	-
reactome	SH	unmapped	-	-	-	current	-	no match in snapshot current
reactome	SSA2	previous	HGNC:11313	RO60	previous	current	no	-
reactome	Sindbis virus, complete genome	unmapped	-	-	-	current	-	no match in snapshot current
reactome	TMEM30A	previous	HGNC:16667	CDC50A	previous	current	no	-
reactome	TNFAIP8L1	previous	HGNC:28279	TIPE1	previous	current	no	-
reactome	TNFAIP8L2	previous	HGNC:26277	TIPE2	previous	current	no	-
reactome	TNFAIP8L3	previous	HGNC:20620	TIPE3	previous	current	no	-
reactome	TNFSF6	previous	HGNC:11936	FASLG	previous	current	no	-
reactome	TNKS1BP1	previous	HGNC:19081	CNOT12	previous	current	no	-
reactome	TRAF3IP1	previous	HGNC:17861	IFT54	previous	current	no	-
reactome	TRL-CAG1	unmapped	-	-	-	current	-	no match in snapshot current
reactome	TRM1	ambiguous	-	-	-	current	-	ambiguous at the previous tier of snapshot current; candidates: HGNC:12318|TRX-CAT1-2; HGNC:12322|TRX-CAT2-1
reactome	TRM2	previous	HGNC:12318	TRX-CAT1-2	previous	current	no	-
reactome	TRM3	alias	HGNC:11568	TARBP1	alias	current	no	-
reactome	TRS1	previous	HGNC:16292	TRS-TGA2-1	previous	current	no	-
reactome	TRX1	alias	HGNC:7132	KMT2A	alias	current	no	-
reactome	TRX2	alias	HGNC:15840	KMT2B	alias	current	no	-
reactome	Tick-borne encephalitis virus, complete genome	unmapped	-	-	-	current	-	no match in snapshot current
reactome	UL102	unmapped	-	-	-	current	-	no match in snapshot current
reactome	UL103	unmapped	-	-	-	current	-	no match in snapshot current
reactome	UL104	unmapped	-	-	-	current	-	no match in snapshot current
reactome	UL11	unmapped	-	-	-	current	-	no match in snapshot current
reactome	UL111A	unmapped	-	-	-	current	-	no match in snapshot current
reactome	UL112/UL113	unmapped	-	-	-	current	-	no match in snapshot current
reactome	UL114	unmapped	-	-	-	current	-	no match in snapshot current
reactome	UL117	unmapped	-	-	-	current	-	no match in snapshot current
reactome	UL119/UL118	unmapped	-	-	-	current	-	no match in snapshot current
reactome	UL120	unmapped	-	-	-	current	-	no match in snapshot current
reactome	UL121	unmapped	-	-	-	current	-	no match in snapshot current
reactome	UL122	unmapped	-	-	-	current	-	no match in snapshot current
reactome	UL123	unmapped	-	-	-	current	-	no match in snapshot current
reactome	UL124	unmapped	-	-	-	current	-	no match in snapshot current
reactome	UL13	unmapped	-	-	-	current	-	no match in snapshot current
reactome	UL130	unmapped	-	-	-	current	-	no match in snapshot current
reactome	UL131A	unmapped	-	-	-	current	-	no match in snapshot current
reactome	UL132	unmapped	-	-	-	current	-	no match in snapshot current
reactome	UL133	unmapped	-	-	-	current	-	no match in snapshot current
reactome	UL138	unmapped	-	-	-	current	-	no match in snapshot current
reactome	UL14	unmapped	-	-	-	current	-	no match in snapshot current
reactome	UL144	unmapped	-	-	-	current	-	no match in snapshot current
reactome	UL146	unmapped	-	-	-	current	-	no match in snapshot current
reactome	UL147	unmapped	-	-	-	current	-	no match in snapshot current
reactome	UL147A	unmapped	-	-	-	current	-	no match in snapshot current
reactome	UL148	unmapped	-	-	-	current	-	no match in snapshot current
reactome	UL15A	unmapped	-	-	-	current	-	no match in snapshot current
reactome	UL16	unmapped	-	-	-	current	-	no match in snapshot current
reactome	UL17	unmapped	-	-	-	current	-	no match in snapshot current
reactome	UL18	unmapped	-	-	-	current	-	no match in snapshot current
reactome	UL2	unmapped	-	-	-	current	-	no match in snapshot current
reactome	UL21A	unmapped	-	-	-	current	-	no match in snapshot current
reactome	UL22A	unmapped	-	-	-	current	-	no match in snapshot current
reactome	UL23	unmapped	-	-	-	current	-	no match in snapshot current
reactome	UL24	unmapped	-	-	-	current	-	no match in snapshot current
reactome	UL25	unmapped	-	-	-	current	-	no match in snapshot current
reactome	UL26	unmapped	-	-	-	current	-	no match in snapshot current
reactome	UL27	unmapped	-	-	-	current	-	no match in snapshot current
reactome	UL29	unmapped	-	-	-	current	-	no match in snapshot current
reactome	UL31	unmapped	-	-	-	current	-	no match in snapshot current
reactome	UL32	unmapped	-	-	-	current	-	no match in snapshot current
reactome	UL34	unmapped	-	-	-	current	-	no match in snapshot current
reactome	UL35	unmapped	-	-	-	current	-	no match in snapshot current
reactome	UL36	unmapped	-	-	-	current	-	no match in snapshot current
reactome	UL37	unmapped	-	-	-	current	-	no match in snapshot current
reactome	UL38	unmapped	-	-	-	current	-	no match in snapshot current
reactome	UL4	unmapped	-	-	-	current	-	no match in snapshot current
reactome	UL41A	unmapped	-	-	-	current	-	no match in snapshot current
reactome	UL43	unmapped	-	-	-	current	-	no match in snapshot current
reactome	UL44	unmapped	-	-	-	current	-	no match in snapshot current
reactome	UL47	unmapped	-	-	-	current	-	no match in snapshot current
reactome	UL48	unmapped	-	-	-	current	-	no match in snapshot current
reactome	UL5	unmapped	-	-	-	current	-	no match in snapshot current
reactome	UL52	unmapped	-	-	-	current	-	no match in snapshot current
reactome	UL54	unmapped	-	-	-	current	-	no match in snapshot current
reactome	UL69	unmapped	-	-	-	current	-	no match in snapshot current
reactome	UL7	unmapped	-	-	-	current	-	no match in snapshot current
reactome	UL70	unmapped	-	-	-	current	-	no match in snapshot current
reactome	UL71	unmapped	-	-	-	current	-	no match in snapshot current
reactome	UL74	unmapped	-	-	-	current	-	no match in snapshot current
reactome	UL76	unmapped	-	-	-	current	-	no match in snapshot current
reactome	UL78	unmapped	-	-	-	current	-	no match in snapshot current
reactome	UL79	unmapped	-	-	-	current	-	no match in snapshot current
reactome	UL80	unmapped	-	-	-	current	-	no match in snapshot current
reactome	UL82	unmapped	-	-	-	current	-	no match in snapshot current
reactome	UL83	unmapped	-	-	-	current	-	no match in snapshot current
reactome	UL84	unmapped	-	-	-	current	-	no match in snapshot current
reactome	UL87	unmapped	-	-	-	current	-	no match in snapshot current
reactome	UL88	unmapped	-	-	-	current	-	no match in snapshot current
reactome	UL9	unmapped	-	-	-	current	-	no match in snapshot current
reactome	UL91	unmapped	-	-	-	current	-	no match in snapshot current
reactome	UL92	unmapped	-	-	-	current	-	no match in snapshot current
reactome	UL94	unmapped	-	-	-	current	-	no match in snapshot current
reactome	UL95	unmapped	-	-	-	current	-	no match in snapshot current
reactome	UL96	unmapped	-	-	-	current	-	no match in snapshot current
reactome	UL97	unmapped	-	-	-	current	-	no match in snapshot current
reactome	UL98	unmapped	-	-	-	current	-	no match in snapshot current
reactome	UL99	unmapped	-	-	-	current	-	no match in snapshot current
reactome	US10	unmapped	-	-	-	current	-	no match in snapshot current
reactome	US11	unmapped	-	-	-	current	-	no match in snapshot current
reactome	US12	unmapped	-	-	-	current	-	no match in snapshot current
reactome	US13	unmapped	-	-	-	current	-	no match in snapshot current
reactome	US14	unmapped	-	-	-	current	-	no match in snapshot current
reactome	US16	unmapped	-	-	-	current	-	no match in snapshot current
reactome	US17	unmapped	-	-	-	current	-	no match in snapshot current
reactome	US18	unmapped	-	-	-	current	-	no match in snapshot current
reactome	US19	unmapped	-	-	-	current	-	no match in snapshot current
reactome	US2	unmapped	-	-	-	current	-	no match in snapshot current
reactome	US20	unmapped	-	-	-	current	-	no match in snapshot current
reactome	US22	unmapped	-	-	-	current	-	no match in snapshot current
reactome	US23	unmapped	-	-	-	current	-	no match in snapshot current
reactome	US24	unmapped	-	-	-	current	-	no match in snapshot current
reactome	US26	unmapped	-	-	-	current	-	no match in snapshot current
reactome	US27	unmapped	-	-	-	current	-	no match in snapshot current
reactome	US28	unmapped	-	-	-	current	-	no match in snapshot current
reactome	US3	unmapped	-	-	-	current	-	no match in snapshot current
reactome	US30	unmapped	-	-	-	current	-	no match in snapshot current
reactome	US32	unmapped	-	-	-	current	-	no match in snapshot current
reactome	US33A	unmapped	-	-	-	current	-	no match in snapshot current
reactome	US34	unmapped	-	-	-	current	-	no match in snapshot current
reactome	US34A	unmapped	-	-	-	current	-	no match in snapshot current
reactome	US8	unmapped	-	-	-	current	-	no match in snapshot current
reactome	US9	unmapped	-	-	-	current	-	no match in snapshot current
reactome	UTI89_C2180	unmapped	-	-	-	current	-	no match in snapshot current
reactome	VP3	unmapped	-	-	-	current	-	no match in snapshot current
reactome	Vesicular stomatitis Indiana virus, complete genome	unmapped	-	-	-	current	-	no match in snapshot current
reactome	West Nile virus RNA, complete genome	unmapped	-	-	-	current	-	no match in snapshot current
reactome	X	unmapped	-	-	-	current	-	no match in snapshot current
reactome	ZBTB8OS	previous	HGNC:24094	TSLIG1	previous	current	no	-
reactome	ZNF131	previous	HGNC:12915	ZBTB35	previous	current	no	-
reactome	acrA	unmapped	-	-	-	current	-	no match in snapshot current
reactome	acrB	unmapped	-	-	-	current	-	no match in snapshot current
reactome	acrD	unmapped	-	-	-	current	-	no match in snapshot current
reactome	adhE2	unmapped	-	-	-	current	-	no match in snapshot current
reactome	ahpC	unmapped	-	-	-	current	-	no match in snapshot current
reactome	ahpD	unmapped	-	-	-	current	-	no match in snapshot current
reactome	ahpE	unmapped	-	-	-	current	-	no match in snapshot current
reactome	aldR	unmapped	-	-	-	current	-	no match in snapshot current
reactome	armA	unmapped	-	-	-	current	-	no match in snapshot current
reactome	bamA	unmapped	-	-	-	current	-	no match in snapshot current
reactome	bamB	unmapped	-	-	-	current	-	no match in snapshot current
reactome	bamC	unmapped	-	-	-	current	-	no match in snapshot current
reactome	bamD	unmapped	-	-	-	current	-	no match in snapshot current
reactome	bamE	unmapped	-	-	-	current	-	no match in snapshot current
reactome	bcsA	unmapped	-	-	-	current	-	no match in snapshot current
reactome	bcsB	unmapped	-	-	-	current	-	no match in snapshot current
reactome	bcsC	unmapped	-	-	-	current	-	no match in snapshot current
reactome	bcsE	unmapped	-	-	-	current	-	no match in snapshot current
reactome	bcsG	unmapped	-	-	-	current	-	no match in snapshot current
reactome	bcsQ	unmapped	-	-	-	current	-	no match in snapshot current
reactome	bfr	unmapped	-	-	-	current	-	no match in snapshot current
reactome	bfrB	unmapped	-	-	-	current	-	no match in snapshot current
reactome	bla	unmapped	-	-	-	current	-	no match in snapshot current
reactome	blaSHV-12	unmapped	-	-	-	current	-	no match in snapshot current
reactome	botA	unmapped	-	-	-	current	-	no match in snapshot current
reactome	botB	unmapped	-	-	-	current	-	no match in snapshot current
reactome	botD	unmapped	-	-	-	current	-	no match in snapshot current
reactome	botE	unmapped	-	-	-	current	-	no match in snapshot current
reactome	botF	unmapped	-	-	-	current	-	no match in snapshot current
reactome	botG	unmapped	-	-	-	current	-	no match in snapshot current
reactome	cd21	unmapped	-	-	-	current	-	no match in snapshot current
reactome	chuA	unmapped	-	-	-	current	-	no match in snapshot current
reactome	cpnT	unmapped	-	-	-	current	-	no match in snapshot current
reactome	csgA	unmapped	-	-	-	current	-	no match in snapshot current
reactome	cya	unmapped	-	-	-	current	-	no match in snapshot current
reactome	degP	unmapped	-	-	-	current	-	no match in snapshot current
reactome	dlaT	unmapped	-	-	-	current	-	no match in snapshot current
reactome	dppA	unmapped	-	-	-	current	-	no match in snapshot current
reactome	dppB	unmapped	-	-	-	current	-	no match in snapshot current
reactome	dppC	unmapped	-	-	-	current	-	no match in snapshot current
reactome	dppD	unmapped	-	-	-	current	-	no match in snapshot current
reactome	dppF	unmapped	-	-	-	current	-	no match in snapshot current
reactome	draE	unmapped	-	-	-	current	-	no match in snapshot current
reactome	dsbA	unmapped	-	-	-	current	-	no match in snapshot current
reactome	eba-140	unmapped	-	-	-	current	-	no match in snapshot current
reactome	eba1	unmapped	-	-	-	current	-	no match in snapshot current
reactome	ebl-1	unmapped	-	-	-	current	-	no match in snapshot current
reactome	efeB	unmapped	-	-	-	current	-	no match in snapshot current
reactome	efeO	unmapped	-	-	-	current	-	no match in snapshot current
reactome	efeU	unmapped	-	-	-	current	-	no match in snapshot current
reactome	eis	unmapped	-	-	-	current	-	no match in snapshot current
reactome	eltA	unmapped	-	-	-	current	-	no match in snapshot current
reactome	eltB	unmapped	-	-	-	current	-	no match in snapshot current
reactome	emrE	unmapped	-	-	-	current	-	no match in snapshot current
reactome	entS	unmapped	-	-	-	current	-	no match in snapshot current
reactome	env	unmapped	-	-	-	current	-	no match in snapshot current
reactome	espC	unmapped	-	-	-	current	-	no match in snapshot current
reactome	esxA	unmapped	-	-	-	current	-	no match in snapshot current
reactome	esxG	unmapped	-	-	-	current	-	no match in snapshot current
reactome	esxH	unmapped	-	-	-	current	-	no match in snapshot current
reactome	exbB	unmapped	-	-	-	current	-	no match in snapshot current
reactome	exbD	unmapped	-	-	-	current	-	no match in snapshot current
reactome	fecA	unmapped	-	-	-	current	-	no match in snapshot current
reactome	fecB	unmapped	-	-	-	current	-	no match in snapshot current
reactome	fecC	unmapped	-	-	-	current	-	no match in snapshot current
reactome	fecD	unmapped	-	-	-	current	-	no match in snapshot current
reactome	fecE	unmapped	-	-	-	current	-	no match in snapshot current
reactome	feoA	unmapped	-	-	-	current	-	no match in snapshot current
reactome	feoB	unmapped	-	-	-	current	-	no match in snapshot current
reactome	fepA	unmapped	-	-	-	current	-	no match in snapshot current
reactome	fepB	unmapped	-	-	-	current	-	no match in snapshot current
reactome	fepC	unmapped	-	-	-	current	-	no match in snapshot current
reactome	fepD	unmapped	-	-	-	current	-	no match in snapshot current
reactome	fepG	unmapped	-	-	-	current	-	no match in snapshot current
reactome	fes	unmapped	-	-	-	current	-	no match in snapshot current
reactome	fgd1	unmapped	-	-	-	current	-	no match in snapshot current
reactome	fhuB	unmapped	-	-	-	current	-	no match in snapshot current
reactome	fhuC	unmapped	-	-	-	current	-	no match in snapshot current
reactome	fhuD	unmapped	-	-	-	current	-	no match in snapshot current
reactome	fimH	unmapped	-	-	-	current	-	no match in snapshot current
reactome	fkpA	unmapped	-	-	-	current	-	no match in snapshot current
reactome	fliC	unmapped	-	-	-	current	-	no match in snapshot current
reactome	fljB	unmapped	-	-	-	current	-	no match in snapshot current
reactome	fyuA	unmapped	-	-	-	current	-	no match in snapshot current
reactome	gB	unmapped	-	-	-	current	-	no match in snapshot current
reactome	gH	unmapped	-	-	-	current	-	no match in snapshot current
reactome	gL	unmapped	-	-	-	current	-	no match in snapshot current
reactome	gM	unmapped	-	-	-	current	-	no match in snapshot current
reactome	gN	unmapped	-	-	-	current	-	no match in snapshot current
reactome	gag	unmapped	-	-	-	current	-	no match in snapshot current
reactome	gag-pol	unmapped	-	-	-	current	-	no match in snapshot current
reactome	gdx	unmapped	-	-	-	current	-	no match in snapshot current
reactome	ggtA	unmapped	-	-	-	current	-	no match in snapshot current
reactome	glbN	unmapped	-	-	-	current	-	no match in snapshot current
reactome	gspC2	unmapped	-	-	-	current	-	no match in snapshot current
reactome	gspD2	unmapped	-	-	-	current	-	no match in snapshot current
reactome	gspS2	unmapped	-	-	-	current	-	no match in snapshot current
reactome	gyrA	unmapped	-	-	-	current	-	no match in snapshot current
reactome	gyrB	unmapped	-	-	-	current	-	no match in snapshot current
reactome	ha17	unmapped	-	-	-	current	-	no match in snapshot current
reactome	ha70	unmapped	-	-	-	current	-	no match in snapshot current
reactome	hbp	unmapped	-	-	-	current	-	no match in snapshot current
reactome	hly	unmapped	-	-	-	current	-	no match in snapshot current
reactome	hlyA	unmapped	-	-	-	current	-	no match in snapshot current
reactome	hlyB	unmapped	-	-	-	current	-	no match in snapshot current
reactome	hlyD	unmapped	-	-	-	current	-	no match in snapshot current
reactome	hlyE	unmapped	-	-	-	current	-	no match in snapshot current
reactome	inlA	unmapped	-	-	-	current	-	no match in snapshot current
reactome	inlB	unmapped	-	-	-	current	-	no match in snapshot current
reactome	ipaH9.8	unmapped	-	-	-	current	-	no match in snapshot current
reactome	irtA	unmapped	-	-	-	current	-	no match in snapshot current
reactome	irtB	unmapped	-	-	-	current	-	no match in snapshot current
reactome	iutA	unmapped	-	-	-	current	-	no match in snapshot current
reactome	katG	unmapped	-	-	-	current	-	no match in snapshot current
reactome	lef	unmapped	-	-	-	current	-	no match in snapshot current
reactome	lepB	unmapped	-	-	-	current	-	no match in snapshot current
reactome	lpdC	unmapped	-	-	-	current	-	no match in snapshot current
reactome	lprG	unmapped	-	-	-	current	-	no match in snapshot current
reactome	lprM	unmapped	-	-	-	current	-	no match in snapshot current
reactome	macA	unmapped	-	-	-	current	-	no match in snapshot current
reactome	macB	unmapped	-	-	-	current	-	no match in snapshot current
reactome	mdfA	unmapped	-	-	-	current	-	no match in snapshot current
reactome	mdtA	unmapped	-	-	-	current	-	no match in snapshot current
reactome	mdtB	unmapped	-	-	-	current	-	no match in snapshot current
reactome	mdtC	unmapped	-	-	-	current	-	no match in snapshot current
reactome	mdtE	unmapped	-	-	-	current	-	no match in snapshot current
reactome	mdtF	unmapped	-	-	-	current	-	no match in snapshot current
reactome	miR-224	unmapped	-	-	-	current	-	no match in snapshot current
reactome	mip	unmapped	-	-	-	current	-	no match in snapshot current
reactome	mppA	unmapped	-	-	-	current	-	no match in snapshot current
reactome	mrcB	unmapped	-	-	-	current	-	no match in snapshot current
reactome	mrkD	unmapped	-	-	-	current	-	no match in snapshot current
reactome	msrA	unmapped	-	-	-	current	-	no match in snapshot current
reactome	ndkA	unmapped	-	-	-	current	-	no match in snapshot current
reactome	nef	unmapped	-	-	-	current	-	no match in snapshot current
reactome	nleF	unmapped	-	-	-	current	-	no match in snapshot current
reactome	ntnha	unmapped	-	-	-	current	-	no match in snapshot current
reactome	opaA	unmapped	-	-	-	current	-	no match in snapshot current
reactome	opaB	unmapped	-	-	-	current	-	no match in snapshot current
reactome	opaC	unmapped	-	-	-	current	-	no match in snapshot current
reactome	opaD	unmapped	-	-	-	current	-	no match in snapshot current
reactome	opaE	unmapped	-	-	-	current	-	no match in snapshot current
reactome	opaF	unmapped	-	-	-	current	-	no match in snapshot current
reactome	opaG	unmapped	-	-	-	current	-	no match in snapshot current
reactome	opaH	unmapped	-	-	-	current	-	no match in snapshot current
reactome	opaI	unmapped	-	-	-	current	-	no match in snapshot current
reactome	opaJ	unmapped	-	-	-	current	-	no match in snapshot current
reactome	opaK	unmapped	-	-	-	current	-	no match in snapshot current
reactome	oppA	unmapped	-	-	-	current	-	no match in snapshot current
reactome	oppB	unmapped	-	-	-	current	-	no match in snapshot current
reactome	oppC	unmapped	-	-	-	current	-	no match in snapshot current
reactome	oppD	unmapped	-	-	-	current	-	no match in snapshot current
reactome	oqxA	unmapped	-	-	-	current	-	no match in snapshot current
reactome	ospC3	unmapped	-	-	-	current	-	no match in snapshot current
reactome	pagA	unmapped	-	-	-	current	-	no match in snapshot current
reactome	papGI	unmapped	-	-	-	current	-	no match in snapshot current
reactome	pef	unmapped	-	-	-	current	-	no match in snapshot current
reactome	piiC	unmapped	-	-	-	current	-	no match in snapshot current
reactome	porB	unmapped	-	-	-	current	-	no match in snapshot current
reactome	pp1a	unmapped	-	-	-	current	-	no match in snapshot current
reactome	prgJ	unmapped	-	-	-	current	-	no match in snapshot current
reactome	pstS1	unmapped	-	-	-	current	-	no match in snapshot current
reactome	ptpA	unmapped	-	-	-	current	-	no match in snapshot current
reactome	qnr	unmapped	-	-	-	current	-	no match in snapshot current
reactome	rep	unmapped	-	-	-	current	-	no match in snapshot current
reactome	rev	unmapped	-	-	-	current	-	no match in snapshot current
reactome	rmtB	unmapped	-	-	-	current	-	no match in snapshot current
reactome	rmtC	unmapped	-	-	-	current	-	no match in snapshot current
reactome	rmtD	unmapped	-	-	-	current	-	no match in snapshot current
reactome	rmtF	unmapped	-	-	-	current	-	no match in snapshot current
reactome	rmtG	unmapped	-	-	-	current	-	no match in snapshot current
reactome	rmtH	unmapped	-	-	-	current	-	no match in snapshot current
reactome	rpoA	unmapped	-	-	-	current	-	no match in snapshot current
reactome	rpoB	unmapped	-	-	-	current	-	no match in snapshot current
reactome	rpoC	unmapped	-	-	-	current	-	no match in snapshot current
reactome	rpoZ	unmapped	-	-	-	current	-	no match in snapshot current
reactome	rrsA	unmapped	-	-	-	current	-	no match in snapshot current
reactome	sapM	unmapped	-	-	-	current	-	no match in snapshot current
reactome	secA	unmapped	-	-	-	current	-	no match in snapshot current
reactome	secA1	unmapped	-	-	-	current	-	no match in snapshot current
reactome	secA2	unmapped	-	-	-	current	-	no match in snapshot current
reactome	secD	unmapped	-	-	-	current	-	no match in snapshot current
reactome	secE	unmapped	-	-	-	current	-	no match in snapshot current
reactome	secF	unmapped	-	-	-	current	-	no match in snapshot current
reactome	secG	unmapped	-	-	-	current	-	no match in snapshot current
reactome	secY	unmapped	-	-	-	current	-	no match in snapshot current
reactome	sfaS	unmapped	-	-	-	current	-	no match in snapshot current
reactome	skp	unmapped	-	-	-	current	-	no match in snapshot current
reactome	sodB	unmapped	-	-	-	current	-	no match in snapshot current
reactome	sodC	unmapped	-	-	-	current	-	no match in snapshot current
reactome	sta1	unmapped	-	-	-	current	-	no match in snapshot current
reactome	sta2	unmapped	-	-	-	current	-	no match in snapshot current
reactome	sta3	unmapped	-	-	-	current	-	no match in snapshot current
reactome	surA	unmapped	-	-	-	current	-	no match in snapshot current
reactome	tat	unmapped	-	-	-	current	-	no match in snapshot current
reactome	tetA	unmapped	-	-	-	current	-	no match in snapshot current
reactome	tetB	unmapped	-	-	-	current	-	no match in snapshot current
reactome	tetX	unmapped	-	-	-	current	-	no match in snapshot current
reactome	tolC	unmapped	-	-	-	current	-	no match in snapshot current
reactome	tonB	unmapped	-	-	-	current	-	no match in snapshot current
reactome	tpx	unmapped	-	-	-	current	-	no match in snapshot current
reactome	trx-2	unmapped	-	-	-	current	-	no match in snapshot current
reactome	trxA	unmapped	-	-	-	current	-	no match in snapshot current
reactome	trxB	unmapped	-	-	-	current	-	no match in snapshot current
reactome	vif	unmapped	-	-	-	current	-	no match in snapshot current
reactome	vpr	unmapped	-	-	-	current	-	no match in snapshot current
reactome	vpu	unmapped	-	-	-	current	-	no match in snapshot current
reactome	ybtP	unmapped	-	-	-	current	-	no match in snapshot current
reactome	yhjR	unmapped	-	-	-	current	-	no match in snapshot current
reactome	yqjH	unmapped	-	-	-	current	-	no match in snapshot current
reactome	yqjI	unmapped	-	-	-	current	-	no match in snapshot current
reactome	znuA	unmapped	-	-	-	current	-	no match in snapshot current
reactome	znuB	unmapped	-	-	-	current	-	no match in snapshot current
reactome	znuC	unmapped	-	-	-	current	-	no match in snapshot current
hallmark	CIR1	previous	HGNC:24217	CIRSR	previous	current	no	-
hallmark	GPR182	previous	HGNC:13708	ACKR5	previous	current	no	-
hallmark	ILVBL	previous	HGNC:6041	HACL2	previous	current	no	-
hallmark	NCL	previous	HGNC:7667	NUCLEOLIN	previous	current	no	-
hallmark	NDUFA4	previous	HGNC:7687	COXFA4	previous	current	no	-
hallmark	TARP	unmapped	-	-	-	current	-	no match in snapshot current
go	ARMT1	previous	HGNC:17872	DCPH1	previous	current	no	-
go	B3GNTL1	previous	HGNC:21727	QTGAL	previous	current	no	-
go	C11orf54	previous	HGNC:30204	BKGD	previous	current	no	-
go	C12orf50	previous	HGNC:26665	ZC3H11D	previous	current	no	-
go	C15orf39	previous	HGNC:24497	PRMT2IP	previous	current	no	-
go	C16orf92	previous	HGNC:26346	FIMP1	previous	current	no	-
go	C18orf21	ambiguous	-	-	-	current	-	ambiguous at the previous tier of snapshot current; candidates: HGNC:28802|RMP24; HGNC:57042|RMP24P1
go	C1orf43	previous	HGNC:29876	LTAP1	previous	current	no	-
go	C2CD6	previous	HGNC:14438	CATSPERT	previous	current	no	-
go	C2orf49	previous	HGNC:28772	TSLIG2	previous	current	no	-
go	C3orf33	previous	HGNC:26434	MISO1	previous	current	no	-
go	CCDC65	previous	HGNC:29937	DRC2	previous	current	no	-
go	CIR1	previous	HGNC:24217	CIRSR	previous	current	no	-
go	CLECL1P	previous	HGNC:24462	CLECL1	previous	current	no	-
go	CLUAP1	previous	HGNC:19009	IFT38	previous	current	no	-
go	DNAJB3	previous	HGNC:32397	DNAJB3P	previous	current	no	-
go	EFCAB2	previous	HGNC:28166	DRC8	previous	current	no	-
go	ENSG00000227733	unmapped	-	-	-	current	-	no match in snapshot current
go	ENSG00000233887	unmapped	-	-	-	current	-	no match in snapshot current
go	ENSG00000266560	unmapped	-	-	-	current	-	no match in snapshot current
go	ENSG00000274276	unmapped	-	-	-	current	-	no match in snapshot current
go	ENSG00000281536	unmapped	-	-	-	current	-	no match in snapshot current
go	ENSG00000282040	unmapped	-	-	-	current	-	no match in snapshot current
go	ENSG00000282054	unmapped	-	-	-	current	-	no match in snapshot current
go	ENSG00000282543	unmapped	-	-	-	current	-	no match in snapshot current
go	ENSG00000282610	unmapped	-	-	-	current	-	no match in snapshot current
go	ENSG00000293349	unmapped	-	-	-	current	-	no match in snapshot current
go	ENSG00000293600	unmapped	-	-	-	current	-	no match in snapshot current
go	FAM210B	previous	HGNC:16102	MIMS2	previous	current	no	-
go	FAM83A	previous	HGNC:28210	SACK1A	previous	current	no	-
go	FAM83B	previous	HGNC:21357	SACK1B	previous	current	no	-
go	FAM83D	previous	HGNC:16122	SACK1D	previous	current	no	-
go	FAM83G	previous	HGNC:32554	SACK1G	previous	current	no	-
go	FAM83H	previous	HGNC:24797	SACK1H	previous	current	no	-
go	FAM98A	previous	HGNC:24520	TSLIG3A	previous	current	no	-
go	FAM98B	previous	HGNC:26773	TSLIG3B	previous	current	no	-
go	FUT10	previous	HGNC:19234	POFUT3	previous	current	no	-
go	FUT11	previous	HGNC:19233	POFUT4	previous	current	no	-
go	GAS8	previous	HGNC:4166	DRC4	previous	current	no	-
go	GPR182	previous	HGNC:13708	ACKR5	previous	current	no	-
go	GPR89A	previous	HGNC:31984	GPHRA	previous	current	no	-
go	GPR89B	previous	HGNC:13840	GPHRB	previous	current	no	-
go	GTDC1	previous	HGNC:20887	QTMAN	previous	current	no	-
go	ILVBL	previous	HGNC:6041	HACL2	previous	current	no	-
go	IQCA1	unmapped	-	-	-	current	-	no match in snapshot current
go	IQCA1L	previous	HGNC:22831	DRC11L	previous	current	no	-
go	IQCD	unmapped	-	-	-	current	-	no match in snapshot current
go	IQCG	previous	HGNC:25251	DRC9	previous	current	no	-
go	KRBA2	previous	HGNC:26989	KRABD2	previous	current	no	-
go	KRBOX1	previous	HGNC:38708	KRABD1	previous	current	no	-
go	KRBOX4	previous	HGNC:26007	KRABD4	previous	current	no	-
go	KRBOX5	previous	HGNC:26987	KRABD5	previous	current	no	-
go	LL22NC03-63E9.3	alias	HGNC:58774	PRAME-AS	alias	current	no	-
go	LLCFC1	previous	HGNC:21750	SOFU1	previous	current	no	-
go	LOC101929130	unmapped	-	-	-	current	-	no match in snapshot current
go	MDM1	previous	HGNC:29917	SAXO6	previous	current	no	-
go	MFSD10	previous	HGNC:16894	SLC75A1	previous	current	no	-
go	MFSD14A	previous	HGNC:23363	SLC71A1	previous	current	no	-
go	MFSD14B	previous	HGNC:23376	SLC71A2	previous	current	no	-
go	MFSD14CP	previous	HGNC:23672	SLC71A3P	previous	current	no	-
go	MFSD3	previous	HGNC:25157	SLC33A2	previous	current	no	-
go	MFSD4A	previous	HGNC:25433	SLC60A1	previous	current	no	-
go	MFSD4B	previous	HGNC:21053	SLC60A2	previous	current	no	-
go	MFSD5	previous	HGNC:28156	SLC61A1	previous	current	no	-
go	MFSD9	previous	HGNC:28158	SLC67A2	previous	current	no	-
go	MIURF	unmapped	-	-	-	current	-	no match in snapshot current
go	NAT8L	previous	HGNC:26742	ASPNAT	previous	current	no	-
go	NCL	previous	HGNC:7667	NUCLEOLIN	previous	current	no	-
go	NDUFA4	previous	HGNC:7687	COXFA4	previous	current	no	-
go	NDUFA4L2	previous	HGNC:29836	COXFA4L2	previous	current	no	-
go	NEPRO	previous	HGNC:24496	RMP64	previous	current	no	-
go	NPY6R	previous	HGNC:7959	NPY6RP	previous	current	no	-
go	OR2W5P	previous	HGNC:15424	OR2W5	previous	current	no	-
go	OR52Z1P	previous	HGNC:19596	OR52Z1	previous	current	no	-
go	RSC1A1	previous	HGNC:24578	DDI2	previous	current	no	-
go	SH3D21	previous	HGNC:26236	MNMIP1	previous	current	no	-
go	SLC35C2	previous	HGNC:17117	SLC35H1	previous	current	no	-
go	TCTE1	previous	HGNC:11693	DRC5	previous	current	no	-
go	TMCO3	previous	HGNC:20329	SLC9D1	previous	current	no	-
go	TMEM241	previous	HGNC:31723	SLC35D4	previous	current	no	-
go	TMEM249	previous	HGNC:44155	CATSPERQ	previous	current	no	-
go	TMEM262	previous	HGNC:49389	CATSPERH	previous	current	no	-
go	TMEM30A	previous	HGNC:16667	CDC50A	previous	current	no	-
go	TMEM30B	previous	HGNC:27254	CDC50B	previous	current	no	-
go	TMEM88B	previous	HGNC:37099	TMEM278	previous	current	no	-
go	TNFAIP8L1	previous	HGNC:28279	TIPE1	previous	current	no	-
go	TNFAIP8L2	previous	HGNC:26277	TIPE2	previous	current	no	-
go	TNFAIP8L3	previous	HGNC:20620	TIPE3	previous	current	no	-
go	TNKS1BP1	previous	HGNC:19081	CNOT12	previous	current	no	-
go	TRAF3IP1	previous	HGNC:17861	IFT54	previous	current	no	-
go	TRMT12	previous	HGNC:26091	TYW2	previous	current	no	-
go	ZBTB8OS	previous	HGNC:24094	TSLIG1	previous	current	no	-
go	ZNF131	previous	HGNC:12915	ZBTB35	previous	current	no	-
btm	A2BP1	alias	HGNC:18222	RBFOX1	alias	2013-10	no	-
btm	ACCN2	previous	HGNC:100	ASIC1	previous	2013-10	no	-
btm	ACCN5	previous	HGNC:17537	ASIC5	previous	2013-10	no	-
btm	ACPL2	approved	HGNC:26303	PXYLP1	approved	2013-10	no	-
btm	ACPP	approved	HGNC:125	ACP3	approved	2013-10	no	-
btm	ACSM2A	approved	HGNC:32017	ACSM2A	approved	2013-10	no	multi-mapping component 1 of 2 in "ACSM2A /// ACSM2B"
btm	ACSM2A	approved	HGNC:32017	ACSM2A	approved	2013-10	no	multi-mapping component 1 of 3 in "ACSM2A /// ACSM2B /// LOC100291873"
btm	ACSM2B	approved	HGNC:30931	ACSM2B	approved	2013-10	no	multi-mapping component 2 of 2 in "ACSM2A /// ACSM2B"
btm	ACSM2B	approved	HGNC:30931	ACSM2B	approved	2013-10	no	multi-mapping component 2 of 3 in "ACSM2A /// ACSM2B /// LOC100291873"
btm	ADORA2A	approved	HGNC:263	ADORA2A	approved	2013-10	no	multi-mapping component 1 of 2 in "ADORA2A /// CYTSA"
btm	AES	approved	HGNC:307	TLE5	approved	2013-10	no	-
btm	AG2	ambiguous	-	-	-	2013-10	-	ambiguous at the alias tier of snapshot 2013-10; candidates: HGNC:328|AGR2; HGNC:38675|C11orf96
btm	AGPAT9	approved	HGNC:28157	GPAT3	approved	2013-10	no	-
btm	AHSA2	approved	HGNC:20437	AHSA2P	approved	2013-10	no	-
btm	ALS2CR4	previous	HGNC:14432	TMEM237	previous	2013-10	no	-
btm	AMICA1	approved	HGNC:19084	JAML	approved	2013-10	no	-
btm	APITD1	approved	HGNC:23163	CENPS	approved	2013-10	no	era placement approximate: only the most recent rename is dated, and HGNC:23163 has several previous symbols (APITD1, MHF1)
btm	APOB48R	alias	HGNC:24087	APOBR	alias	2013-10	no	-
btm	ARSE	approved	HGNC:719	ARSL	approved	2013-10	no	era placement approximate: only the most recent rename is dated, and HGNC:719 has several previous symbols (CDPX, CDPX1, ARSE)
btm	ASNA1	approved	HGNC:752	GET3	approved	2013-10	no	-
btm	ATG4C	approved	HGNC:16040	ATG4C	approved	2013-10	no	multi-mapping component 1 of 2 in "ATG4C /// CTR9"
btm	ATP5C1	approved	HGNC:833	ATP5F1C	approved	2013-10	no	era placement approximate: only the most recent rename is dated, and HGNC:833 has several previous symbols (ATP5CL1, ATP5C, ATP5C1)
btm	ATP5D	approved	HGNC:837	ATP5F1D	approved	2013-10	no	-
btm	ATP5H	approved	HGNC:845	ATP5PD	approved	2013-10	no	-
btm	ATP5I	approved	HGNC:846	ATP5ME	approved	2013-10	no	-
btm	ATP5J	approved	HGNC:847	ATP5PF	approved	2013-10	no	era placement approximate: only the most recent rename is dated, and HGNC:847 has several previous symbols (ATP5A, ATP5, ATPM, ATP5J)
btm	ATP5J2	approved	HGNC:848	ATP5MF	approved	2013-10	no	-
btm	ATP5L	approved	HGNC:14247	ATP5MG	approved	2013-10	no	-
btm	ATP5O	approved	HGNC:850	ATP5PO	approved	2013-10	no	-
btm	BAI3	approved	HGNC:945	ADGRB3	approved	2013-10	no	-
btm	BCORL2	previous	HGNC:23953	BCORP1	previous	2013-10	no	-
btm	BOLA2	approved	HGNC:29488	BOLA2	approved	2013-10	no	multi-mapping component 1 of 2 in "BOLA2 /// BOLA2B"
btm	BOLA2B	approved	HGNC:32479	BOLA2B	approved	2013-10	no	multi-mapping component 2 of 2 in "BOLA2 /// BOLA2B"
btm	C10orf10	approved	HGNC:23355	DEPP1	approved	2013-10	no	-
btm	C10orf140	previous	HGNC:32697	SKIDA1	previous	2013-10	no	-
btm	C10orf54	approved	HGNC:30085	VSIR	approved	2013-10	no	-
btm	C11orf2	previous	HGNC:1172	VPS51	previous	2013-10	no	-
btm	C11orf63	approved	HGNC:26288	JHY	approved	2013-10	no	-
btm	C11orf73	approved	HGNC:26938	HIKESHI	approved	2013-10	no	-
btm	C11orf75	previous	HGNC:24810	SMCO4	previous	2013-10	no	-
btm	C11orf82	approved	HGNC:26351	DDIAS	approved	2013-10	no	-
btm	C11orf87	unmapped	-	-	-	2013-10	-	no match in snapshot 2013-10
btm	C12orf10	approved	HGNC:17590	MYG1	approved	2013-10	no	-
btm	C12orf23	approved	HGNC:28281	TMEM263	approved	2013-10	no	-
btm	C12orf29	approved	HGNC:25322	RLIG1	approved	2013-10	no	-
btm	C12orf48	previous	HGNC:26074	PARPBP	previous	2013-10	no	-
btm	C13orf18	approved	HGNC:20420	RUBCNL	approved	2013-10	no	era placement approximate: only the most recent rename is dated, and HGNC:20420 has several previous symbols (C13orf18, KIAA0226L)
btm	C13orf34	previous	HGNC:24724	BORA	previous	2013-10	no	-
btm	C14orf105	approved	HGNC:20189	CCDC198	approved	2013-10	no	-
btm	C14orf126	previous	HGNC:20277	DTD2	previous	2013-10	no	-
btm	C14orf138	previous	HGNC:20352	VCPKMT	previous	2013-10	no	-
btm	C14orf82	previous	HGNC:20129	FRMD6-AS1	previous	2013-10	no	-
btm	C14orf91	withdrawn	-	-	-	2013-10	-	HGNC:20138 (C14orf91) withdrawn with no replacement
btm	C15orf23	previous	HGNC:30767	KNSTRN	previous	2013-10	no	-
btm	C15orf42	previous	HGNC:28704	TICRR	previous	2013-10	no	-
btm	C15orf48	approved	HGNC:29898	COXFA4L3	approved	2013-10	no	-
btm	C15orf5	previous	HGNC:1193	LINC00597	previous	2013-10	no	-
btm	C16orf75	previous	HGNC:28349	RMI2	previous	2013-10	no	-
btm	C17orf70	approved	HGNC:26171	FAAP100	approved	2013-10	no	-
btm	C17orf73	approved	HGNC:26080	ANKRD40CL	approved	2013-10	no	era placement approximate: only the most recent rename is dated, and HGNC:26080 has several previous symbols (C17orf73, LINC00483)
btm	C17orf80	approved	HGNC:29601	MTNAP1	approved	2013-10	no	-
btm	C19orf21	previous	HGNC:27000	MISP	previous	2013-10	no	-
btm	C19orf28	previous	HGNC:28299	MFSD12	previous	2013-10	no	-
btm	C19orf59	approved	HGNC:27291	MCEMP1	approved	2013-10	no	-
btm	C19orf77	approved	HGNC:37244	SMIM24	approved	2013-10	no	-
btm	C1orf112	approved	HGNC:25565	FIRRM	approved	2013-10	no	-
btm	C1orf114	previous	HGNC:28051	CCDC181	previous	2013-10	no	-
btm	C1orf86	approved	HGNC:26428	FAAP20	approved	2013-10	no	-
btm	C20orf94	previous	HGNC:16225	SLX4IP	previous	2013-10	no	-
btm	C21orf45	previous	HGNC:1286	MIS18A	previous	2013-10	no	-
btm	C21orf89	previous	HGNC:16425	LINC00334	previous	2013-10	no	-
btm	C2orf88	previous	HGNC:28191	AKAP19	previous	2013-10	no	-
btm	C2orf89	previous	HGNC:27013	TRABD2A	previous	2013-10	no	-
btm	C3orf1	previous	HGNC:1321	TIMMDC1	previous	2013-10	no	-
btm	C3orf58	approved	HGNC:28490	DIPK2A	approved	2013-10	no	-
btm	C4orf31	previous	HGNC:26256	NDNF	previous	2013-10	no	-
btm	C4orf34	previous	HGNC:27321	SMIM14	previous	2013-10	no	-
btm	C5orf13	previous	HGNC:16834	NREP	previous	2013-10	no	-
btm	C6orf129	previous	HGNC:21239	CCDC167	previous	2013-10	no	-
btm	C6orf192	previous	HGNC:21573	SLC18B1	previous	2013-10	no	-
btm	C6orf211	approved	HGNC:17872	DCPH1	approved	2013-10	no	era placement approximate: only the most recent rename is dated, and HGNC:17872 has several previous symbols (C6orf211, ARMT1)
btm	C8orf39	previous	HGNC:28818	RBM12B-AS1	previous	2013-10	no	-
btm	CASC4	approved	HGNC:24892	GOLM2	approved	2013-10	no	-
btm	CASC5	approved	HGNC:24054	KNL1	approved	2013-10	no	era placement approximate: only the most recent rename is dated, and HGNC:24054 has several previous symbols (MCPH4, CASC5)
btm	CCDC144C	previous	HGNC:29073	CCDC144CP	previous	2013-10	no	multi-mapping component 1 of 2 in "CCDC144C /// LOC100134159"
btm	CCDC90A	previous	HGNC:21097	MCUR1	previous	2013-10	no	-
btm	CCDC99	previous	HGNC:26010	SPDL1	previous	2013-10	no	-
btm	CCL14-CCL15	unmapped	-	-	-	2013-10	-	multi-mapping component 1 of 2 in "CCL14-CCL15 /// CCL15"; no match in snapshot 2013-10
btm	CCL15	approved	HGNC:10613	CCL15	approved	2013-10	no	multi-mapping component 2 of 2 in "CCL14-CCL15 /// CCL15"
btm	CCL3	approved	HGNC:10627	CCL3	approved	2013-10	no	multi-mapping component 1 of 3 in "CCL3 /// CCL3L1 /// CCL3L3"
btm	CCL3L1	approved	HGNC:10628	CCL3L1	approved	2013-10	no	multi-mapping component 2 of 3 in "CCL3 /// CCL3L1 /// CCL3L3"
btm	CCL3L3	approved	HGNC:30554	CCL3L3	approved	2013-10	no	multi-mapping component 3 of 3 in "CCL3 /// CCL3L1 /// CCL3L3"
btm	CD97	approved	HGNC:1711	ADGRE5	approved	2013-10	no	-
btm	CECR6	approved	HGNC:1844	TMEM121B	approved	2013-10	no	-
btm	CENPC1	previous	HGNC:1854	CENPC	previous	2013-10	no	-
btm	CES4	previous	HGNC:18546	CES1P1	previous	2013-10	no	-
btm	CKMT1A	approved	HGNC:31736	CKMT1A	approved	2013-10	no	multi-mapping component 1 of 2 in "CKMT1A /// CKMT1B"
btm	CKMT1B	approved	HGNC:1995	CKMT1B	approved	2013-10	no	multi-mapping component 2 of 2 in "CKMT1A /// CKMT1B"
btm	CSRP2BP	approved	HGNC:15904	KAT14	approved	2013-10	no	-
btm	CTGF	approved	HGNC:2500	CCN2	approved	2013-10	no	-
btm	CTPS	previous	HGNC:2519	CTPS1	previous	2013-10	no	-
btm	CTR9	approved	HGNC:16850	CTR9	approved	2013-10	no	multi-mapping component 2 of 2 in "ATG4C /// CTR9"
btm	CTSL1	previous	HGNC:2537	CTSL	previous	2013-10	no	-
btm	CTSL2	previous	HGNC:2538	CTSV	previous	2013-10	no	-
btm	CXorf50B	previous	HGNC:31964	FAM226B	previous	2013-10	no	-
btm	CYAT1	unmapped	-	-	-	2013-10	-	no match in snapshot 2013-10
btm	CYR61	approved	HGNC:2654	CCN1	approved	2013-10	no	era placement approximate: only the most recent rename is dated, and HGNC:2654 has several previous symbols (IGFBP10, CYR61)
btm	CYTSA	previous	HGNC:29022	SPECC1L	previous	2013-10	no	multi-mapping component 2 of 2 in "ADORA2A /// CYTSA"
btm	CYorf15A	approved	HGNC:18473	TXLNGY	approved	2013-10	no	era placement approximate: only the most recent rename is dated, and HGNC:18473 has several previous symbols (CYorf15A, CYorf15B, TXLNG2P)
btm	CYorf15B	approved	HGNC:18473	TXLNGY	approved	2013-10	no	era placement approximate: only the most recent rename is dated, and HGNC:18473 has several previous symbols (CYorf15A, CYorf15B, TXLNG2P)
btm	DBC1	previous	HGNC:2687	BRINP1	previous	2013-10	no	-
btm	DDX58	approved	HGNC:19102	RIGI	approved	2013-10	no	-
btm	DES	approved	HGNC:2770	DES	approved	2013-10	no	multi-mapping component 1 of 2 in "DES /// FAM48A"
btm	DIRC2	approved	HGNC:16628	SLC49A4	approved	2013-10	no	-
btm	DKFZp451A211	unmapped	-	-	-	2013-10	-	no match in snapshot 2013-10
btm	DKFZp779M0652	unmapped	-	-	-	2013-10	-	no match in snapshot 2013-10
btm	EEF1G	approved	HGNC:3213	EEF1G	approved	2013-10	no	multi-mapping component 1 of 2 in "EEF1G /// TUT1"
btm	EFHA1	previous	HGNC:31830	MICU2	previous	2013-10	no	-
btm	ELTD1	approved	HGNC:20822	ADGRL4	approved	2013-10	no	-
btm	EMR1	approved	HGNC:3336	ADGRE1	approved	2013-10	no	era placement approximate: only the most recent rename is dated, and HGNC:3336 has several previous symbols (TM7LN3, EMR1)
btm	EMR2	approved	HGNC:3337	ADGRE2	approved	2013-10	no	-
btm	EMR3	approved	HGNC:23647	ADGRE3	approved	2013-10	no	-
btm	ERBB2IP	approved	HGNC:15842	ERBIN	approved	2013-10	no	-
btm	FAIM3	approved	HGNC:14315	FCMR	approved	2013-10	no	-
btm	FAM105A	approved	HGNC:25629	OTULINL	approved	2013-10	no	-
btm	FAM108A1	previous	HGNC:28756	ABHD17A	previous	2013-10	no	-
btm	FAM123A	previous	HGNC:26360	AMER2	previous	2013-10	no	-
btm	FAM129A	approved	HGNC:16784	NIBAN1	approved	2013-10	no	era placement approximate: only the most recent rename is dated, and HGNC:16784 has several previous symbols (C1orf24, FAM129A)
btm	FAM129C	approved	HGNC:24130	NIBAN3	approved	2013-10	no	-
btm	FAM150B	approved	HGNC:27683	ALKAL2	approved	2013-10	no	-
btm	FAM18B	previous	HGNC:20399	TVP23B	previous	2013-10	no	-
btm	FAM196A	approved	HGNC:33859	INSYN2A	approved	2013-10	no	era placement approximate: only the most recent rename is dated, and HGNC:33859 has several previous symbols (C10orf141, FAM196A, INSYN2)
btm	FAM198B	approved	HGNC:25312	GASK1B	approved	2013-10	no	era placement approximate: only the most recent rename is dated, and HGNC:25312 has several previous symbols (C4orf18, FAM198B)
btm	FAM26F	approved	HGNC:33391	CALHM6	approved	2013-10	no	era placement approximate: only the most recent rename is dated, and HGNC:33391 has several previous symbols (C6orf187, FAM26F)
btm	FAM30A	unmapped	-	-	-	2013-10	-	no match in snapshot 2013-10
btm	FAM35A	approved	HGNC:28773	SHLD2	approved	2013-10	no	-
btm	FAM46A	approved	HGNC:18345	TENT5A	approved	2013-10	no	era placement approximate: only the most recent rename is dated, and HGNC:18345 has several previous symbols (C6orf37, FAM46A)
btm	FAM48A	previous	HGNC:20596	SUPT20H	previous	2013-10	no	multi-mapping component 2 of 2 in "DES /// FAM48A"
btm	FAM49A	approved	HGNC:25373	CYRIA	approved	2013-10	no	-
btm	FAM54A	previous	HGNC:21115	MTFR2	previous	2013-10	no	-
btm	FAM64A	approved	HGNC:25483	PIMREG	approved	2013-10	no	-
btm	FAM69B	approved	HGNC:28290	DIPK1B	approved	2013-10	no	-
btm	FAM70A	previous	HGNC:26086	TMEM255A	previous	2013-10	no	-
btm	FAM72A	approved	HGNC:24044	RUMY1	approved	2013-10	no	-
btm	FAM72A	approved	HGNC:24044	RUMY1	approved	2013-10	no	multi-mapping component 1 of 4 in "FAM72A /// FAM72B /// FAM72C /// FAM72D"
btm	FAM72B	approved	HGNC:24805	RUMY2	approved	2013-10	no	multi-mapping component 2 of 4 in "FAM72A /// FAM72B /// FAM72C /// FAM72D"
btm	FAM72C	approved	HGNC:30602	RUMY3	approved	2013-10	no	multi-mapping component 3 of 4 in "FAM72A /// FAM72B /// FAM72C /// FAM72D"
btm	FAM72D	approved	HGNC:33593	RUMY4	approved	2013-10	no	multi-mapping component 4 of 4 in "FAM72A /// FAM72B /// FAM72C /// FAM72D"
btm	FAM83D	approved	HGNC:16122	SACK1D	approved	2013-10	no	era placement approximate: only the most recent rename is dated, and HGNC:16122 has several previous symbols (C20orf129, FAM83D)
btm	FCGR1A	approved	HGNC:3613	FCGR1A	approved	2013-10	no	multi-mapping component 1 of 2 in "FCGR1A /// FCGR1C"
btm	FCGR1B	approved	HGNC:3614	FCGR1BP	approved	2013-10	no	-
btm	FCGR1C	approved	HGNC:3615	FCGR1CP	approved	2013-10	no	multi-mapping component 2 of 2 in "FCGR1A /// FCGR1C"
btm	FLJ10357	alias	HGNC:25516	ARHGEF40	alias	2013-10	no	-
btm	FLJ35409	unmapped	-	-	-	2013-10	-	no match in snapshot 2013-10
btm	FLJ37543	alias	HGNC:26744	LINC03122	alias	2013-10	no	era placement approximate: only the most recent rename is dated, and HGNC:26744 has several previous symbols (C5orf64, LINC03119)
btm	FTSJD1	previous	HGNC:25635	CMTR2	previous	2013-10	no	-
btm	FYB	approved	HGNC:4036	FYB1	approved	2013-10	no	-
btm	GGTA1	unmapped	-	-	-	2013-10	-	no match in snapshot 2013-10
btm	GLYR1	approved	HGNC:24434	GLYR1	approved	2013-10	no	multi-mapping component 1 of 2 in "GLYR1 /// SEPT6"
btm	GP1BB	approved	HGNC:4440	GP1BB	approved	2013-10	no	multi-mapping component 1 of 2 in "GP1BB /// SEPT5"
btm	GPER	previous	HGNC:4485	GPER1	previous	2013-10	no	-
btm	GPR109B	previous	HGNC:16824	HCAR3	previous	2013-10	no	-
btm	GPR114	approved	HGNC:19010	ADGRG5	approved	2013-10	no	-
btm	GPR116	approved	HGNC:19030	ADGRF5	approved	2013-10	no	-
btm	GPR133	approved	HGNC:19893	ADGRD1	approved	2013-10	no	-
btm	GPR144	approved	HGNC:18651	ADGRD2	approved	2013-10	no	-
btm	GPR56	approved	HGNC:4512	ADGRG1	approved	2013-10	no	-
btm	GPR97	approved	HGNC:13728	ADGRG3	approved	2013-10	no	-
btm	GPR98	approved	HGNC:17416	ADGRV1	approved	2013-10	no	era placement approximate: only the most recent rename is dated, and HGNC:17416 has several previous symbols (USH2C, MASS1, GPR98)
btm	GSG2	approved	HGNC:19682	HASPIN	approved	2013-10	no	-
btm	GUCY1A3	approved	HGNC:4685	GUCY1A1	approved	2013-10	no	era placement approximate: only the most recent rename is dated, and HGNC:4685 has several previous symbols (GUC1A3, GUCY1A3)
btm	H1F0	approved	HGNC:4714	H1-0	approved	2013-10	no	era placement approximate: only the most recent rename is dated, and HGNC:4714 has several previous symbols (H1FV, H1F0)
btm	H1FX	approved	HGNC:4722	H1-10	approved	2013-10	no	-
btm	H2AFX	approved	HGNC:4739	H2AX	approved	2013-10	no	-
btm	HIST1H2BK	approved	HGNC:13954	H2BC12	approved	2013-10	no	era placement approximate: only the most recent rename is dated, and HGNC:13954 has several previous symbols (H2BFT, HIST1H2BK)
btm	HIST1H3E	approved	HGNC:4769	H3C6	approved	2013-10	no	era placement approximate: only the most recent rename is dated, and HGNC:4769 has several previous symbols (H3FD, HIST1H3E)
btm	HLA-DRB1	approved	HGNC:4948	HLA-DRB1	approved	2013-10	no	multi-mapping component 1 of 3 in "HLA-DRB1 /// HLA-DRB3 /// HLA-DRB4"
btm	HLA-DRB1	approved	HGNC:4948	HLA-DRB1	approved	2013-10	no	multi-mapping component 1 of 2 in "HLA-DRB1 /// HLA-DRB4"
btm	HLA-DRB1	approved	HGNC:4948	HLA-DRB1	approved	2013-10	no	multi-mapping component 1 of 3 in "HLA-DRB1 /// HLA-DRB4 /// HLA-DRB5"
btm	HLA-DRB3	approved	HGNC:4951	HLA-DRB3	approved	2013-10	no	multi-mapping component 2 of 3 in "HLA-DRB1 /// HLA-DRB3 /// HLA-DRB4"
btm	HLA-DRB4	approved	HGNC:4952	HLA-DRB4	approved	2013-10	no	multi-mapping component 3 of 3 in "HLA-DRB1 /// HLA-DRB3 /// HLA-DRB4"
btm	HLA-DRB4	approved	HGNC:4952	HLA-DRB4	approved	2013-10	no	multi-mapping component 2 of 2 in "HLA-DRB1 /// HLA-DRB4"
btm	HLA-DRB4	approved	HGNC:4952	HLA-DRB4	approved	2013-10	no	multi-mapping component 2 of 3 in "HLA-DRB1 /// HLA-DRB4 /// HLA-DRB5"
btm	HLA-DRB5	approved	HGNC:4953	HLA-DRB5	approved	2013-10	no	multi-mapping component 3 of 3 in "HLA-DRB1 /// HLA-DRB4 /// HLA-DRB5"
btm	HMHA1	approved	HGNC:17102	ARHGAP45	approved	2013-10	no	-
btm	HNRPLL	previous	HGNC:25127	HNRNPLL	previous	2013-10	no	-
btm	HSPC159	alias	HGNC:25012	LGALSL	alias	2013-10	no	-
btm	IGF2	approved	HGNC:5466	IGF2	approved	2013-10	no	multi-mapping component 1 of 2 in "IGF2 /// INS-IGF2"
btm	IGH@	previous	HGNC:5477	IGH	previous	2013-10	no	-
btm	IGJ	approved	HGNC:5713	JCHAIN	approved	2013-10	no	-
btm	IGK@	previous	HGNC:5715	IGK	previous	2013-10	no	-
btm	IGL@	previous	HGNC:5853	IGL	previous	2013-10	no	-
btm	IGLL3	previous	HGNC:5872	IGLL3P	previous	2013-10	no	-
btm	IL28RA	previous	HGNC:18584	IFNLR1	previous	2013-10	no	-
btm	IL4I1	approved	HGNC:19094	IL4I1	approved	2013-10	no	multi-mapping component 1 of 3 in "IL4I1 /// NUP62 /// SIGLEC11"
btm	IL8	approved	HGNC:6025	CXCL8	approved	2013-10	no	-
btm	INS-IGF2	approved	HGNC:33527	INS-IGF2	approved	2013-10	no	multi-mapping component 2 of 2 in "IGF2 /// INS-IGF2"
btm	ITGB1BP3	previous	HGNC:17871	NMRK2	previous	2013-10	no	-
btm	KAL1	approved	HGNC:6211	ANOS1	approved	2013-10	no	era placement approximate: only the most recent rename is dated, and HGNC:6211 has several previous symbols (KAL, ADMLX, KAL1)
btm	KIAA0101	approved	HGNC:28961	PCLAF	approved	2013-10	no	-
btm	KIAA0125	approved	HGNC:19955	FAM30A	approved	2013-10	no	era placement approximate: only the most recent rename is dated, and HGNC:19955 has several previous symbols (C14orf110, KIAA0125)
btm	KIAA0494	previous	HGNC:29051	EFCAB14	previous	2013-10	no	-
btm	KIAA0754	previous	HGNC:13664	MACF1	previous	2013-10	no	-
btm	KIAA1109	approved	HGNC:26953	BLTP1	approved	2013-10	no	-
btm	KIAA1324	approved	HGNC:29618	ELAPOR1	approved	2013-10	no	-
btm	KIAA1468	approved	HGNC:29289	RELCH	approved	2013-10	no	-
btm	KIAA1524	approved	HGNC:29302	CIP2A	approved	2013-10	no	-
btm	KIAA1598	approved	HGNC:29319	SHTN1	approved	2013-10	no	-
btm	KIAA1659	unmapped	-	-	-	2013-10	-	no match in snapshot 2013-10
btm	KIAA1919	approved	HGNC:21053	SLC60A2	approved	2013-10	no	era placement approximate: only the most recent rename is dated, and HGNC:21053 has several previous symbols (KIAA1919, MFSD4B)
btm	LARGE	approved	HGNC:6511	LARGE1	approved	2013-10	no	-
btm	LAT	approved	HGNC:18874	LAT	approved	2013-10	no	multi-mapping component 1 of 2 in "LAT /// SPNS1"
btm	LOC100128439	unmapped	-	-	-	2013-10	-	no match in snapshot 2013-10
btm	LOC100130100	unmapped	-	-	-	2013-10	-	no match in snapshot 2013-10
btm	LOC100130232	unmapped	-	-	-	2013-10	-	no match in snapshot 2013-10
btm	LOC100130458	unmapped	-	-	-	2013-10	-	no match in snapshot 2013-10
btm	LOC100131067	unmapped	-	-	-	2013-10	-	no match in snapshot 2013-10
btm	LOC100131298	unmapped	-	-	-	2013-10	-	no match in snapshot 2013-10
btm	LOC100132247	unmapped	-	-	-	2013-10	-	no match in snapshot 2013-10
btm	LOC100132247	unmapped	-	-	-	2013-10	-	multi-mapping component 1 of 8 in "LOC100132247 /// LOC348162 /// LOC613037 /// LOC728888 /// LOC729602 /// LOC729978 /// NPIPL2 /// NPIPL3"; no match in snapshot 2013-10
btm	LOC100132741	unmapped	-	-	-	2013-10	-	no match in snapshot 2013-10
btm	LOC100134159	unmapped	-	-	-	2013-10	-	multi-mapping component 2 of 2 in "CCDC144C /// LOC100134159"; no match in snapshot 2013-10
btm	LOC100271840	unmapped	-	-	-	2013-10	-	no match in snapshot 2013-10
btm	LOC100286895	unmapped	-	-	-	2013-10	-	no match in snapshot 2013-10
btm	LOC100286993	unmapped	-	-	-	2013-10	-	no match in snapshot 2013-10
btm	LOC100287227	unmapped	-	-	-	2013-10	-	multi-mapping component 1 of 2 in "LOC100287227 /// LOC100292133"; no match in snapshot 2013-10
btm	LOC100287445	unmapped	-	-	-	2013-10	-	no match in snapshot 2013-10
btm	LOC100287723	unmapped	-	-	-	2013-10	-	no match in snapshot 2013-10
btm	LOC100288693	unmapped	-	-	-	2013-10	-	no match in snapshot 2013-10
btm	LOC100288911	unmapped	-	-	-	2013-10	-	no match in snapshot 2013-10
btm	LOC100289053	unmapped	-	-	-	2013-10	-	no match in snapshot 2013-10
btm	LOC100289612	unmapped	-	-	-	2013-10	-	no match in snapshot 2013-10
btm	LOC100290132	unmapped	-	-	-	2013-10	-	no match in snapshot 2013-10
btm	LOC100290557	unmapped	-	-	-	2013-10	-	no match in snapshot 2013-10
btm	LOC100291873	unmapped	-	-	-	2013-10	-	multi-mapping component 3 of 3 in "ACSM2A /// ACSM2B /// LOC100291873"; no match in snapshot 2013-10
btm	LOC100292133	unmapped	-	-	-	2013-10	-	multi-mapping component 2 of 2 in "LOC100287227 /// LOC100292133"; no match in snapshot 2013-10
btm	LOC100293440	unmapped	-	-	-	2013-10	-	no match in snapshot 2013-10
btm	LOC100294182	unmapped	-	-	-	2013-10	-	multi-mapping component 1 of 2 in "LOC100294182 /// RPL3"; no match in snapshot 2013-10
btm	LOC100294224	unmapped	-	-	-	2013-10	-	no match in snapshot 2013-10
btm	LOC100294317	unmapped	-	-	-	2013-10	-	no match in snapshot 2013-10
btm	LOC100294318	unmapped	-	-	-	2013-10	-	no match in snapshot 2013-10
btm	LOC100422737	unmapped	-	-	-	2013-10	-	no match in snapshot 2013-10
btm	LOC144481	unmapped	-	-	-	2013-10	-	no match in snapshot 2013-10
btm	LOC145474	unmapped	-	-	-	2013-10	-	no match in snapshot 2013-10
btm	LOC145845	unmapped	-	-	-	2013-10	-	no match in snapshot 2013-10
btm	LOC283663	unmapped	-	-	-	2013-10	-	no match in snapshot 2013-10
btm	LOC284749	unmapped	-	-	-	2013-10	-	no match in snapshot 2013-10
btm	LOC284757	unmapped	-	-	-	2013-10	-	no match in snapshot 2013-10
btm	LOC284861	unmapped	-	-	-	2013-10	-	no match in snapshot 2013-10
btm	LOC338739	unmapped	-	-	-	2013-10	-	no match in snapshot 2013-10
btm	LOC339524	unmapped	-	-	-	2013-10	-	no match in snapshot 2013-10
btm	LOC348162	unmapped	-	-	-	2013-10	-	multi-mapping component 2 of 8 in "LOC100132247 /// LOC348162 /// LOC613037 /// LOC728888 /// LOC729602 /// LOC729978 /// NPIPL2 /// NPIPL3"; no match in snapshot 2013-10
btm	LOC348162	unmapped	-	-	-	2013-10	-	no match in snapshot 2013-10
btm	LOC404266	unmapped	-	-	-	2013-10	-	no match in snapshot 2013-10
btm	LOC439949	unmapped	-	-	-	2013-10	-	no match in snapshot 2013-10
btm	LOC440354	unmapped	-	-	-	2013-10	-	no match in snapshot 2013-10
btm	LOC441666	unmapped	-	-	-	2013-10	-	no match in snapshot 2013-10
btm	LOC51152	unmapped	-	-	-	2013-10	-	no match in snapshot 2013-10
btm	LOC595101	unmapped	-	-	-	2013-10	-	no match in snapshot 2013-10
btm	LOC613037	unmapped	-	-	-	2013-10	-	multi-mapping component 3 of 8 in "LOC100132247 /// LOC348162 /// LOC613037 /// LOC728888 /// LOC729602 /// LOC729978 /// NPIPL2 /// NPIPL3"; no match in snapshot 2013-10
btm	LOC613037	unmapped	-	-	-	2013-10	-	no match in snapshot 2013-10
btm	LOC641298	unmapped	-	-	-	2013-10	-	no match in snapshot 2013-10
btm	LOC642424	unmapped	-	-	-	2013-10	-	no match in snapshot 2013-10
btm	LOC642426	unmapped	-	-	-	2013-10	-	no match in snapshot 2013-10
btm	LOC642838	unmapped	-	-	-	2013-10	-	no match in snapshot 2013-10
btm	LOC643332	unmapped	-	-	-	2013-10	-	no match in snapshot 2013-10
btm	LOC644852	unmapped	-	-	-	2013-10	-	no match in snapshot 2013-10
btm	LOC652493	unmapped	-	-	-	2013-10	-	no match in snapshot 2013-10
btm	LOC728264	unmapped	-	-	-	2013-10	-	no match in snapshot 2013-10
btm	LOC728606	unmapped	-	-	-	2013-10	-	no match in snapshot 2013-10
btm	LOC728888	unmapped	-	-	-	2013-10	-	multi-mapping component 4 of 8 in "LOC100132247 /// LOC348162 /// LOC613037 /// LOC728888 /// LOC729602 /// LOC729978 /// NPIPL2 /// NPIPL3"; no match in snapshot 2013-10
btm	LOC728888	unmapped	-	-	-	2013-10	-	no match in snapshot 2013-10
btm	LOC729602	unmapped	-	-	-	2013-10	-	multi-mapping component 5 of 8 in "LOC100132247 /// LOC348162 /// LOC613037 /// LOC728888 /// LOC729602 /// LOC729978 /// NPIPL2 /// NPIPL3"; no match in snapshot 2013-10
btm	LOC729602	unmapped	-	-	-	2013-10	-	no match in snapshot 2013-10
btm	LOC729978	unmapped	-	-	-	2013-10	-	multi-mapping component 6 of 8 in "LOC100132247 /// LOC348162 /// LOC613037 /// LOC728888 /// LOC729602 /// LOC729978 /// NPIPL2 /// NPIPL3"; no match in snapshot 2013-10
btm	LOC729978	unmapped	-	-	-	2013-10	-	no match in snapshot 2013-10
btm	LOC81691	unmapped	-	-	-	2013-10	-	no match in snapshot 2013-10
btm	LOC90925	unmapped	-	-	-	2013-10	-	no match in snapshot 2013-10
btm	LOC91316	unmapped	-	-	-	2013-10	-	no match in snapshot 2013-10
btm	LOC96610	unmapped	-	-	-	2013-10	-	no match in snapshot 2013-10
btm	LPHN2	approved	HGNC:18582	ADGRL2	approved	2013-10	no	era placement approximate: only the most recent rename is dated, and HGNC:18582 has several previous symbols (LPHH1, LPHN2)
btm	LPHN3	approved	HGNC:20974	ADGRL3	approved	2013-10	no	-
btm	LPPR2	alias	HGNC:29566	PLPPR2	alias	2013-10	no	-
btm	LPPR4	alias	HGNC:23496	PLPPR4	alias	2013-10	no	-
btm	LRRC33	previous	HGNC:24613	NRROS	previous	2013-10	no	-
btm	LRRC37B2	previous	HGNC:25390	LRRC37BP1	previous	2013-10	no	-
btm	LY6G6D	approved	HGNC:13935	LY6G6D	approved	2013-10	no	multi-mapping component 1 of 2 in "LY6G6D /// LY6G6F"
btm	LY6G6F	approved	HGNC:13933	LY6G6F	approved	2013-10	no	multi-mapping component 2 of 2 in "LY6G6D /// LY6G6F"
btm	MARCH1	approved	HGNC:26077	MARCHF1	approved	2013-10	no	-
btm	MARCH3	approved	HGNC:28728	MARCHF3	approved	2013-10	no	-
btm	METTL7A	approved	HGNC:24550	TMT1A	approved	2013-10	no	-
btm	MGC16121	alias	HGNC:28258	MIR503HG	alias	2013-10	no	-
btm	MGC29506	alias	HGNC:30125	MZB1	alias	2013-10	no	-
btm	MGC31957	unmapped	-	-	-	2013-10	-	no match in snapshot 2013-10
btm	MGC5566	unmapped	-	-	-	2013-10	-	no match in snapshot 2013-10
btm	MLF1IP	approved	HGNC:21348	CENPU	approved	2013-10	no	-
btm	MLLT4	approved	HGNC:7137	AFDN	approved	2013-10	no	-
btm	MOSC1	approved	HGNC:26189	MTARC1	approved	2013-10	no	era placement approximate: only the most recent rename is dated, and HGNC:26189 has several previous symbols (MOSC1, MARC1)
btm	MRE11A	approved	HGNC:7230	MRE11	approved	2013-10	no	-
btm	MRVI1	approved	HGNC:7237	IRAG1	approved	2013-10	no	-
btm	MST1	approved	HGNC:7380	MST1	approved	2013-10	no	multi-mapping component 1 of 3 in "MST1 /// MST1P2 /// MST1P9"
btm	MST1P2	approved	HGNC:7383	MST1P2	approved	2013-10	no	multi-mapping component 2 of 3 in "MST1 /// MST1P2 /// MST1P9"
btm	MST1P9	unmapped	-	-	-	2013-10	-	multi-mapping component 3 of 3 in "MST1 /// MST1P2 /// MST1P9"; no match in snapshot 2013-10
btm	MST4	alias	HGNC:18174	STK26	alias	2013-10	no	-
btm	MUDENG	previous	HGNC:20192	AP5M1	previous	2013-10	no	-
btm	MUTED	previous	HGNC:18561	BLOC1S5	previous	2013-10	no	-
btm	MYCL1	previous	HGNC:7555	MYCL	previous	2013-10	no	-
btm	NAT8	approved	HGNC:18069	NAT8	approved	2013-10	no	multi-mapping component 1 of 2 in "NAT8 /// NAT8B"
btm	NAT8B	approved	HGNC:30235	NAT8B	approved	2013-10	no	multi-mapping component 2 of 2 in "NAT8 /// NAT8B"
btm	NCRNA00105	previous	HGNC:25811	ASMTL-AS1	previous	2013-10	no	-
btm	NCRNA00119	previous	HGNC:24129	NPHP3-AS1	previous	2013-10	no	-
btm	NCRNA00183	previous	HGNC:37191	JPX	previous	2013-10	no	-
btm	NCRNA00185	previous	HGNC:18495	TTTY14	previous	2013-10	no	-
btm	NCRNA00201	previous	HGNC:5048	HNRNPU	previous	2013-10	no	-
btm	NDUFA4	approved	HGNC:7687	COXFA4	approved	2013-10	no	-
btm	NGFRAP1	approved	HGNC:13388	BEX3	approved	2013-10	no	-
btm	NPIPL2	previous	HGNC:34409	NPIPB15	previous	2013-10	no	multi-mapping component 7 of 8 in "LOC100132247 /// LOC348162 /// LOC613037 /// LOC728888 /// LOC729602 /// LOC729978 /// NPIPL2 /// NPIPL3"
btm	NPIPL2	previous	HGNC:34409	NPIPB15	previous	2013-10	no	-
btm	NPIPL3	previous	HGNC:28989	NPIPB3	previous	2013-10	no	multi-mapping component 8 of 8 in "LOC100132247 /// LOC348162 /// LOC613037 /// LOC728888 /// LOC729602 /// LOC729978 /// NPIPL2 /// NPIPL3"
btm	NPIPL3	previous	HGNC:28989	NPIPB3	previous	2013-10	no	-
btm	NUP62	approved	HGNC:8066	NUP62	approved	2013-10	no	multi-mapping component 2 of 3 in "IL4I1 /// NUP62 /// SIGLEC11"
btm	NUPL2	approved	HGNC:17010	NUP42	approved	2013-10	no	-
btm	ORC1L	previous	HGNC:8487	ORC1	previous	2013-10	no	-
btm	ORC3L	previous	HGNC:8489	ORC3	previous	2013-10	no	-
btm	ORC4L	previous	HGNC:8490	ORC4	previous	2013-10	no	-
btm	ORC6L	previous	HGNC:17151	ORC6	previous	2013-10	no	-
btm	OSBPL1A	unmapped	-	-	-	2013-10	-	no match in snapshot 2013-10
btm	PLUNC	previous	HGNC:15749	BPIFA1	previous	2013-10	no	-
btm	PPAP2B	approved	HGNC:9229	PLPP3	approved	2013-10	no	-
btm	PPAP2C	approved	HGNC:9230	PLPP2	approved	2013-10	no	-
btm	PPAPDC1B	approved	HGNC:25026	PLPP5	approved	2013-10	no	-
btm	PPIL4	approved	HGNC:15702	PPIL4	approved	2013-10	no	multi-mapping component 1 of 2 in "PPIL4 /// ZC3H12D"
btm	PPIL5	previous	HGNC:19742	LRR1	previous	2013-10	no	-
btm	PRKRIR	approved	HGNC:9440	THAP12	approved	2013-10	no	-
btm	PRO2012	unmapped	-	-	-	2013-10	-	no match in snapshot 2013-10
btm	RARRES3	approved	HGNC:9869	PLAAT4	approved	2013-10	no	-
btm	RHCE	approved	HGNC:10008	RHCE	approved	2013-10	no	multi-mapping component 1 of 2 in "RHCE /// RHD"
btm	RHD	approved	HGNC:10009	RHD	approved	2013-10	no	multi-mapping component 2 of 2 in "RHCE /// RHD"
btm	RPL3	approved	HGNC:10332	RPL3	approved	2013-10	no	multi-mapping component 2 of 2 in "LOC100294182 /// RPL3"
btm	RUNDC2B	previous	HGNC:31913	SNX29P1	previous	2013-10	no	-
btm	RUNDC2C	previous	HGNC:31914	SNX29P2	previous	2013-10	no	-
btm	SAA1	approved	HGNC:10513	SAA1	approved	2013-10	no	multi-mapping component 1 of 2 in "SAA1 /// SAA2"
btm	SAA2	approved	HGNC:10514	SAA2	approved	2013-10	no	multi-mapping component 2 of 2 in "SAA1 /// SAA2"
btm	SDCCAG1	previous	HGNC:10663	NEMF	previous	2013-10	no	-
btm	SDPR	approved	HGNC:10690	CAVIN2	approved	2013-10	no	-
btm	SEP15	alias	HGNC:17705	SELENOF	alias	2013-10	no	-
btm	SEPP1	approved	HGNC:10751	SELENOP	approved	2013-10	no	-
btm	SEPT5	approved	HGNC:9164	SEPTIN5	approved	2013-10	no	multi-mapping component 2 of 2 in "GP1BB /// SEPT5"; era placement approximate: only the most recent rename is dated, and HGNC:9164 has several previous symbols (PNUTL1, SEPT5)
btm	SEPT6	approved	HGNC:15848	SEPTIN6	approved	2013-10	no	multi-mapping component 2 of 2 in "GLYR1 /// SEPT6"
btm	SEPX1	previous	HGNC:14133	MSRB1	previous	2013-10	no	-
btm	SF3B14	unmapped	-	-	-	2013-10	-	no match in snapshot 2013-10
btm	SFRS1	previous	HGNC:10780	SRSF1	previous	2013-10	no	-
btm	SFRS12	previous	HGNC:17882	SREK1	previous	2013-10	no	-
btm	SGOL1	approved	HGNC:25088	SGO1	approved	2013-10	no	-
btm	SGOL2	approved	HGNC:30812	SGO2	approved	2013-10	no	-
btm	SIGLEC11	approved	HGNC:15622	SIGLEC11	approved	2013-10	no	multi-mapping component 3 of 3 in "IL4I1 /// NUP62 /// SIGLEC11"
btm	SPINLW1	previous	HGNC:15932	EPPIN	previous	2013-10	no	-
btm	SPNS1	approved	HGNC:30621	SPNS1	approved	2013-10	no	multi-mapping component 2 of 2 in "LAT /// SPNS1"
btm	TARP	unmapped	-	-	-	2013-10	-	no match in snapshot 2013-10
btm	TCEB2	approved	HGNC:11619	ELOB	approved	2013-10	no	-
btm	TM7SF4	previous	HGNC:18549	DCSTAMP	previous	2013-10	no	-
btm	TMEM133	previous	HGNC:26545	ARHGAP42	previous	2013-10	no	-
btm	TMEM27	approved	HGNC:29437	CLTRN	approved	2013-10	no	-
btm	TMEM30A	approved	HGNC:16667	CDC50A	approved	2013-10	no	era placement approximate: only the most recent rename is dated, and HGNC:16667 has several previous symbols (C6orf67, TMEM30A)
btm	TMEM55A	approved	HGNC:25452	PIP4P2	approved	2013-10	no	-
btm	TMEM56	approved	HGNC:26477	TLCD4	approved	2013-10	no	-
btm	TNXA	approved	HGNC:11975	TNXA	approved	2013-10	no	multi-mapping component 1 of 2 in "TNXA /// TNXB"
btm	TNXB	approved	HGNC:11976	TNXB	approved	2013-10	no	multi-mapping component 2 of 2 in "TNXA /// TNXB"
btm	TRA@	previous	HGNC:12027	TRA	previous	2013-10	no	-
btm	TRA@	previous	HGNC:12027	TRA	previous	2013-10	no	multi-mapping component 1 of 2 in "TRA@ /// TRAC"
btm	TRA@	previous	HGNC:12027	TRA	previous	2013-10	no	multi-mapping component 1 of 4 in "TRA@ /// TRAC /// TRAJ17 /// TRAV20"
btm	TRAC	approved	HGNC:12029	TRAC	approved	2013-10	no	multi-mapping component 2 of 2 in "TRA@ /// TRAC"
btm	TRAC	approved	HGNC:12029	TRAC	approved	2013-10	no	multi-mapping component 2 of 4 in "TRA@ /// TRAC /// TRAJ17 /// TRAV20"
btm	TRAJ17	approved	HGNC:12045	TRAJ17	approved	2013-10	no	multi-mapping component 3 of 4 in "TRA@ /// TRAC /// TRAJ17 /// TRAV20"
btm	TRAV20	approved	HGNC:12117	TRAV20	approved	2013-10	no	multi-mapping component 4 of 4 in "TRA@ /// TRAC /// TRAJ17 /// TRAV20"
btm	TRD@	previous	HGNC:12252	TRD	previous	2013-10	no	-
btm	TTC35	previous	HGNC:28963	EMC2	previous	2013-10	no	-
btm	TUBB4	previous	HGNC:20774	TUBB4A	previous	2013-10	no	-
btm	TUT1	approved	HGNC:26184	TUT1	approved	2013-10	no	multi-mapping component 2 of 2 in "EEF1G /// TUT1"
btm	TXNDC3	previous	HGNC:16473	NME8	previous	2013-10	no	-
btm	VNN3	approved	HGNC:16431	VNN3P	approved	2013-10	no	-
btm	VPRBP	approved	HGNC:30911	DCAF1	approved	2013-10	no	-
btm	WDR92	approved	HGNC:25176	DNAAF10	approved	2013-10	no	-
btm	WHSC1	approved	HGNC:12766	NSD2	approved	2013-10	no	-
btm	YBX1	approved	HGNC:8014	YBX1	approved	2013-10	no	multi-mapping component 1 of 2 in "YBX1 /// YBX1P2"
btm	YBX1P2	approved	HGNC:22635	YBX1P2	approved	2013-10	no	multi-mapping component 2 of 2 in "YBX1 /// YBX1P2"
btm	ZC3H12D	approved	HGNC:21175	ZC3H12D	approved	2013-10	no	multi-mapping component 2 of 2 in "PPIL4 /// ZC3H12D"
btm	ZNF167	previous	HGNC:12955	ZKSCAN7	previous	2013-10	no	-
